4 0.298500 0.431875 0.019000 0.058750
4 0.235000 0.439375 0.014000 0.053750
4 0.292500 0.562500 0.015000 0.055000
4 0.310000 0.563125 0.016000 0.056250
4 0.261500 0.574375 0.017000 0.051250
4 0.316500 0.236875 0.019000 0.056250
4 0.267000 0.255000 0.026000 0.047500
4 0.382500 0.174375 0.021000 0.058750
4 0.399000 0.176250 0.016000 0.057500
4 0.417500 0.173125 0.017000 0.053750
4 0.447500 0.166250 0.017000 0.060000
4 0.465000 0.165625 0.016000 0.061250
4 0.498000 0.169375 0.020000 0.063750
4 0.530500 0.171875 0.019000 0.061250
4 0.547000 0.169375 0.016000 0.058750
4 0.581000 0.165000 0.022000 0.057500
4 0.614500 0.158750 0.021000 0.065000
4 0.269000 0.371250 0.020000 0.055000
4 0.222000 0.370625 0.020000 0.061250
4 0.074000 0.362500 0.020000 0.062500
4 0.232500 0.687500 0.031000 0.025000
4 0.800500 0.520625 0.039000 0.031250
4 0.828000 0.680000 0.034000 0.030000
4 0.841000 0.756250 0.038000 0.030000
4 0.893500 0.681875 0.037000 0.031250
4 0.638500 0.558750 0.019000 0.050000
4 0.578500 0.754375 0.037000 0.028750
4 0.924500 0.796875 0.039000 0.063750
4 0.974500 0.818125 0.029000 0.063750
4 0.013500 0.158750 0.025000 0.045000
4 0.012000 0.511250 0.022000 0.020000
4 0.010500 0.390625 0.019000 0.028750
4 0.008500 0.331250 0.015000 0.025000
4 0.011000 0.578750 0.020000 0.040000
