4 0.629500 0.168750 0.015000 0.050000
4 0.614000 0.168125 0.014000 0.053750
4 0.596000 0.176250 0.014000 0.052500
4 0.580000 0.170625 0.016000 0.048750
4 0.563500 0.171250 0.013000 0.055000
4 0.546000 0.174375 0.016000 0.053750
4 0.531000 0.175000 0.014000 0.052500
4 0.513500 0.175625 0.013000 0.051250
4 0.497500 0.175625 0.013000 0.051250
4 0.482000 0.173125 0.014000 0.051250
4 0.464500 0.168750 0.015000 0.055000
4 0.448000 0.170625 0.012000 0.056250
4 0.417500 0.174375 0.015000 0.051250
4 0.400500 0.178750 0.013000 0.052500
4 0.384000 0.174375 0.014000 0.053750
4 0.381500 0.241250 0.015000 0.055000
4 0.400000 0.238125 0.016000 0.051250
4 0.432500 0.231875 0.013000 0.053750
4 0.485000 0.331875 0.032000 0.046250
4 0.464000 0.426250 0.016000 0.055000
4 0.431000 0.422500 0.018000 0.062500
4 0.365000 0.441250 0.016000 0.057500
1 0.272500 0.413125 0.009000 0.016250
1 0.266000 0.432500 0.016000 0.030000
4 0.300000 0.429375 0.018000 0.056250
4 0.268500 0.366250 0.015000 0.050000
4 0.223000 0.367500 0.016000 0.052500
4 0.236000 0.435000 0.016000 0.050000
4 0.174500 0.327500 0.021000 0.060000
4 0.136000 0.378125 0.032000 0.018750
4 0.138500 0.435000 0.037000 0.025000
4 0.137500 0.463750 0.035000 0.025000
4 0.136500 0.493125 0.033000 0.023750
4 0.058500 0.531875 0.021000 0.048750
4 0.056000 0.436875 0.020000 0.056250
1 0.077500 0.618125 0.009000 0.011250
1 0.102500 0.628750 0.011000 0.010000
1 0.103000 0.610625 0.012000 0.011250
1 0.077000 0.642500 0.012000 0.010000
1 0.062500 0.670625 0.015000 0.008750
1 0.076000 0.652500 0.010000 0.007500
4 0.184000 0.711250 0.038000 0.022500
4 0.257500 0.675625 0.029000 0.023750
4 0.297000 0.675625 0.034000 0.023750
4 0.347000 0.673750 0.034000 0.027500
4 0.391000 0.677500 0.030000 0.025000
4 0.337500 0.324375 0.035000 0.026250
4 0.317000 0.235000 0.012000 0.050000
4 0.335500 0.236875 0.017000 0.056250
4 0.270000 0.233750 0.018000 0.047500
4 0.337500 0.562500 0.015000 0.055000
4 0.307000 0.555625 0.016000 0.053750
4 0.291000 0.561875 0.016000 0.058750
4 0.262000 0.571250 0.020000 0.055000
4 0.049500 0.228125 0.035000 0.061250
4 0.634000 0.561875 0.020000 0.051250
4 0.794000 0.528750 0.038000 0.032500
