4 0.464000 0.176875 0.016000 0.058750
4 0.497000 0.178750 0.016000 0.060000
4 0.513500 0.178750 0.015000 0.060000
4 0.547000 0.178750 0.016000 0.052500
4 0.580500 0.170625 0.013000 0.053750
15 0.406500 0.060625 0.787000 0.113750
15 0.429000 0.626250 0.128000 0.230000
15 0.121000 0.633125 0.120000 0.186250
15 0.603500 0.641875 0.077000 0.116250
15 0.691000 0.636875 0.090000 0.128750
15 0.840500 0.386250 0.121000 0.557500
15 0.519000 0.866250 0.116000 0.210000
15 0.353500 0.855000 0.095000 0.130000
15 0.190500 0.870625 0.077000 0.098750
15 0.630500 0.874375 0.067000 0.113750
15 0.720000 0.876250 0.058000 0.110000
4 0.256000 0.327500 0.034000 0.025000
4 0.230000 0.368125 0.018000 0.056250
4 0.260000 0.433125 0.018000 0.063750
4 0.196500 0.437500 0.019000 0.057500
4 0.182500 0.368750 0.017000 0.057500
4 0.600000 0.569375 0.022000 0.041250
4 0.414000 0.171250 0.014000 0.060000
4 0.431000 0.171875 0.018000 0.061250
4 0.365500 0.179375 0.019000 0.056250
4 0.348500 0.177500 0.019000 0.057500
4 0.224000 0.688750 0.036000 0.027500
4 0.033500 0.504375 0.021000 0.061250
4 0.046000 0.610000 0.028000 0.052500
4 0.819000 0.776250 0.044000 0.035000
4 0.251000 0.563750 0.018000 0.055000
4 0.269500 0.564375 0.015000 0.053750
